97.64
97.54
97.42
97.35
97.33
97.04
97.01
96.67
96.56
96.43
96.41
96.36
96.33
96.33
96.10
95.94
95.88
95.85
95.83
95.80
95.77
95.70
95.54
95.48
95.19
95.16
95.15
95.09
95.09
95.08
95.07
95.07
94.95
94.80
94.76
94.75
94.75
94.70
94.66
94.60
94.58
94.58
94.57
94.55
94.54
94.52
94.52
94.50
94.43
94.43
94.39
94.21
94.16
94.16
94.12
94.11
94.04
94.02
94.02
94.00
93.97
93.97
93.95
93.93
93.89
93.88
93.85
93.79
93.67
93.66
93.64
93.58
93.57
93.57
93.54
93.54
93.53
93.53
93.43
93.42
93.36
93.36
93.32
93.32
93.29
93.27
93.24
93.23
93.19
93.16
93.15
93.13
93.09
93.06
93.05
93.05
93.02
92.98
92.97
92.97
92.97
92.94
92.85
92.84
92.81
92.79
92.72
92.71
92.71
92.68
92.68
92.67
92.65
92.62
92.61
92.60
92.57
92.56
92.56
92.54
92.53
92.52
92.49
92.49
92.44
92.44
92.42
92.39
92.39
92.39
92.38
92.37
92.36
92.35
92.35
92.34
92.32
92.30
92.29
92.29
92.28
92.28
92.28
92.27
92.27
92.26
92.25
92.25
92.23
92.23
92.20
92.17
92.15
92.15
92.14
92.12
92.11
92.07
92.07
92.07
92.04
92.00
92.00
91.98
91.97
91.97
91.96
91.95
91.94
91.94
91.90
91.89
91.89
91.88
91.87
91.81
91.79
91.79
91.78
91.78
91.77
91.77
91.75
91.74
91.74
91.73
91.67
91.65
91.62
91.59
91.59
91.59
91.58
91.54
91.54
91.54
91.53
91.52
91.52
91.50
91.50
91.50
91.49
91.48
91.47
91.45
91.44
91.44
91.43
91.43
91.41
91.39
91.38
91.37
91.37
91.37
91.36
91.35
91.33
91.33
91.26
91.25
91.24
91.23
91.23
91.21
91.20
91.19
91.19
91.12
91.12
91.08
91.05
91.03
91.03
91.02
91.01
90.99
90.98
90.95
90.94
90.88
90.87
90.85
90.78
90.78
90.77
90.77
90.76
90.71
90.69
90.68
90.68
90.66
90.66
90.65
90.64
90.63
90.63
90.62
90.59
90.59
90.58
90.58
90.56
90.55
90.55
90.55
90.54
90.53
90.52
90.52
90.52
90.51
90.48
90.47
90.47
90.44
90.43
90.41
90.41
90.39
90.39
90.39
90.39
90.36
90.36
90.35
90.33
90.30
90.29
90.29
90.28
90.26
90.25
90.25
90.23
90.23
90.22
90.21
90.19
90.19
90.19
90.16
90.16
90.16
90.15
90.14
90.11
90.10
90.09
90.07
90.05
90.05
90.04
90.02
90.02
90.01
90.00
90.00
89.99
89.98
89.98
89.93
89.93
89.92
89.90
89.89
89.89
89.88
89.88
89.88
89.85
89.84
89.83
89.83
89.81
89.79
89.79
89.79
89.79
89.78
89.78
89.77
89.77
89.75
89.74
89.74
89.73
89.72
89.70
89.69
89.68
89.68
89.68
89.67
89.67
89.66
89.61
89.60
89.60
89.58
89.57
89.57
89.55
89.55
89.54
89.53
89.53
89.53
89.52
89.51
89.50
89.50
89.50
89.47
89.46
89.45
89.45
89.44
89.44
89.43
89.43
89.43
89.42
89.42
89.41
89.41
89.40
89.39
89.39
89.38
89.37
89.36
89.36
89.35
89.34
89.33
89.31
89.30
89.29
89.28
89.27
89.27
89.26
89.26
89.25
89.24
89.23
89.23
89.22
89.22
89.20
89.20
89.18
89.17
89.17
89.16
89.16
89.14
89.14
89.14
89.12
89.11
89.11
89.10
89.10
89.09
89.07
89.07
89.07
89.07
89.05
89.05
89.04
89.03
89.03
89.01
89.00
88.98
88.98
88.98
88.97
88.96
88.96
88.96
88.95
88.94
88.93
88.91
88.89
88.89
88.88
88.87
88.86
88.84
88.83
88.83
88.83
88.82
88.82
88.81
88.81
88.81
88.81
88.81
88.79
88.79
88.79
88.78
88.76
88.75
88.75
88.74
88.74
88.73
88.73
88.72
88.70
88.70
88.69
88.68
88.67
88.67
88.65
88.65
88.65
88.65
88.64
88.63
88.63
88.62
88.62
88.62
88.61
88.61
88.60
88.59
88.59
88.59
88.58
88.58
88.58
88.57
88.55
88.55
88.54
88.52
88.52
88.52
88.51
88.50
88.49
88.48
88.48
88.48
88.46
88.46
88.45
88.45
88.43
88.43
88.41
88.40
88.39
88.36
88.36
88.36
88.34
88.34
88.34
88.33
88.33
88.32
88.32
88.30
88.30
88.28
88.27
88.26
88.26
88.26
88.25
88.25
88.23
88.22
88.21
88.21
88.18
88.18
88.18
88.18
88.18
88.16
88.16
88.15
88.15
88.15
88.14
88.14
88.14
88.13
88.12
88.12
88.12
88.12
88.11
88.10
88.10
88.08
88.08
88.07
88.07
88.07
88.06
88.06
88.05
88.05
88.04
88.01
88.00
88.00
88.00
88.00
88.00
87.99
87.98
87.98
87.98
87.97
87.97
87.96
87.96
87.95
87.94
87.94
87.93
87.93
87.93
87.92
87.91
87.90
87.90
87.89
87.89
87.88
87.88
87.87
87.87
87.86
87.86
87.86
87.84
87.84
87.83
87.82
87.81
87.80
87.80
87.80
87.79
87.78
87.77
87.77
87.77
87.77
87.76
87.75
87.74
87.73
87.73
87.73
87.70
87.70
87.68
87.68
87.68
87.67
87.66
87.65
87.64
87.64
87.64
87.63
87.63
87.62
87.62
87.61
87.58
87.58
87.57
87.57
87.57
87.57
87.56
87.55
87.54
87.53
87.52
87.52
87.52
87.52
87.52
87.50
87.49
87.49
87.48
87.48
87.46
87.46
87.45
87.45
87.45
87.43
87.43
87.42
87.41
87.41
87.39
87.39
87.38
87.38
87.36
87.36
87.35
87.34
87.33
87.32
87.31
87.31
87.31
87.31
87.31
87.29
87.28
87.27
87.27
87.27
87.26
87.26
87.26
87.25
87.24
87.23
87.23
87.22
87.22
87.21
87.20
87.20
87.20
87.20
87.19
87.18
87.17
87.16
87.16
87.15
87.14
87.14
87.13
87.12
87.11
87.11
87.11
87.10
87.10
87.09
87.09
87.09
87.08
87.08
87.07
87.07
87.05
87.05
87.05
87.04
87.04
87.03
87.02
87.02
87.01
87.01
87.00
86.99
86.98
86.97
86.96
86.95
86.94
86.94
86.93
86.93
86.93
86.92
86.92
86.91
86.91
86.90
86.89
86.89
86.89
86.88
86.86
86.86
86.85
86.85
86.83
86.82
86.82
86.81
86.81
86.80
86.79
86.79
86.78
86.77
86.76
86.76
86.76
86.75
86.75
86.75
86.75
86.75
86.74
86.74
86.74
86.74
86.74
86.73
86.73
86.72
86.72
86.71
86.71
86.71
86.70
86.70
86.70
86.70
86.67
86.67
86.66
86.66
86.66
86.65
86.65
86.65
86.64
86.63
86.63
86.62
86.62
86.61
86.61
86.60
86.60
86.60
86.59
86.59
86.58
86.58
86.57
86.57
86.55
86.55
86.54
86.54
86.53
86.52
86.52
86.52
86.51
86.51
86.51
86.51
86.50
86.50
86.49
86.49
86.48
86.48
86.47
86.47
86.46
86.46
86.46
86.46
86.45
86.45
86.44
86.43
86.43
86.42
86.42
86.40
86.39
86.39
86.38
86.37
86.35
86.35
86.35
86.34
86.34
86.33
86.33
86.33
86.32
86.32
86.31
86.31
86.31
86.31
86.30
86.30
86.29
86.29
86.29
86.27
86.27
86.27
86.26
86.26
86.25
86.25
86.25
86.23
86.22
86.22
86.21
86.20
86.19
86.19
86.19
86.18
86.17
86.17
86.17
86.17
86.17
86.17
86.17
86.17
86.16
86.15
86.15
86.14
86.14
86.14
86.14
86.14
86.13
86.13
86.13
86.13
86.13
86.13
86.13
86.12
86.12
86.11
86.10
86.10
86.10
86.10
86.09
86.09
86.09
86.08
86.07
86.07
86.07
86.06
86.06
86.05
86.04
86.04
86.03
86.01
86.01
86.00
85.99
85.98
85.98
85.97
85.97
85.97
85.96
85.95
85.95
85.94
85.93
85.93
85.93
85.92
85.90
85.90
85.89
85.89
85.88
85.87
85.87
85.86
85.86
85.86
85.86
85.85
85.85
85.85
85.85
85.85
85.84
85.83
85.83
85.83
85.82
85.82
85.82
85.82
85.81
85.81
85.81
85.80
85.80
85.80
85.80
85.78
85.78
85.78
85.76
85.76
85.76
85.75
85.75
85.75
85.75
85.74
88.58
88.58
88.58
88.57
88.55
88.55
88.54
88.52
88.52
88.52
88.51
88.50
88.49
88.48
88.48
88.48
88.46
88.46
88.45
88.45
88.43
88.43
88.41
88.40
88.39
88.36
88.36
88.36
88.34
88.34
88.34
88.33
88.33
88.32
88.32
88.30
88.30
88.28
88.27
88.26
88.26
88.26
88.25
88.25
88.23
88.22
88.21
88.21
88.18
88.18
97.64
97.54
97.42
97.35
97.33
97.04
97.01
96.67
96.56
96.43
96.41
96.36
96.33
96.33
96.10
95.94
95.88
95.85
95.83
95.80
95.77
95.70
95.54
95.48
95.19
95.16
95.15
95.09
95.09
95.08
95.07
95.07
94.95
94.80
94.76
94.75
94.75
94.70
94.66
94.60
94.58
94.58
94.57
94.55
94.54
94.52
94.52
94.50
94.43
94.43
88.18
88.18
88.18
88.16
88.16
88.15
88.15
88.15
88.14
88.14
88.14
88.13
88.12
88.12
88.12
88.12
88.11
88.10
88.10
88.08
88.08
88.07
88.07
88.07
88.06
88.06
88.05
88.05
88.04
88.01
88.00
88.00
88.00
88.00
88.00
87.99
87.98
87.98
87.98
87.97
87.97
87.96
87.96
87.95
87.94
87.94
87.93
87.93
87.93
87.92
94.39
94.21
94.16
94.16
94.12
94.11
94.04
94.02
94.02
94.00
93.97
93.97
93.95
93.93
93.89
93.88
93.85
93.79
93.67
93.66
93.64
93.58
93.57
93.57
93.54
93.54
93.53
93.53
93.43
93.42
93.36
93.36
93.32
93.32
93.29
93.27
93.24
93.23
93.19
93.16
93.15
93.13
93.09
93.06
93.05
93.05
93.02
92.98
92.97
92.97
87.91
87.90
87.90
87.89
87.89
87.88
87.88
87.87
87.87
87.86
87.86
87.86
87.84
87.84
87.83
87.82
87.81
87.80
87.80
87.80
87.79
87.78
87.77
87.77
87.77
87.77
87.76
87.75
87.74
87.73
87.73
87.73
87.70
87.70
87.68
87.68
87.68
87.67
87.66
87.65
87.64
87.64
87.64
87.63
87.63
87.62
87.62
87.61
87.58
87.58
92.97
92.94
92.85
92.84
92.81
92.79
92.72
92.71
92.71
92.68
92.68
92.67
92.65
92.62
92.61
92.60
92.57
92.56
92.56
92.54
92.53
92.52
92.49
92.49
92.44
92.44
92.42
92.39
92.39
92.39
92.38
92.37
92.36
92.35
92.35
92.34
92.32
92.30
92.29
92.29
92.28
92.28
92.28
92.27
92.27
92.26
92.25
92.25
92.23
92.23
87.57
87.57
87.57
87.57
87.56
87.55
87.54
87.53
87.52
87.52
87.52
87.52
87.52
87.50
87.49
87.49
87.48
87.48
87.46
87.46
87.45
87.45
87.45
87.43
87.43
87.42
87.41
87.41
87.39
87.39
87.38
87.38
87.36
87.36
87.35
87.34
87.33
87.32
87.31
87.31
87.31
87.31
87.31
87.29
87.28
87.27
87.27
87.27
87.26
87.26
92.20
92.17
92.15
92.15
92.14
92.12
92.11
92.07
92.07
92.07
92.04
92.00
92.00
91.98
91.97
91.97
91.96
91.95
91.94
91.94
91.90
91.89
91.89
91.88
91.87
91.81
91.79
91.79
91.78
91.78
91.77
91.77
91.75
91.74
91.74
91.73
91.67
91.65
91.62
91.59
91.59
91.59
91.58
91.54
91.54
91.54
91.53
91.52
91.52
91.50
87.26
87.25
87.24
87.23
87.23
87.22
87.22
87.21
87.20
87.20
87.20
87.20
87.19
87.18
87.17
87.16
87.16
87.15
87.14
87.14
87.13
87.12
87.11
87.11
87.11
87.10
87.10
87.09
87.09
87.09
87.08
87.08
87.07
87.07
87.05
87.05
87.05
87.04
87.04
87.03
87.02
87.02
87.01
87.01
87.00
86.99
86.98
86.97
86.96
86.95
91.50
91.50
91.49
91.48
91.47
91.45
91.44
91.44
91.43
91.43
91.41
91.39
91.38
91.37
91.37
91.37
91.36
91.35
91.33
91.33
91.26
91.25
91.24
91.23
91.23
91.21
91.20
91.19
91.19
91.12
91.12
91.08
91.05
91.03
91.03
91.02
91.01
90.99
90.98
90.95
90.94
90.88
90.87
90.85
90.78
90.78
90.77
90.77
90.76
90.71
86.94
86.94
86.93
86.93
86.93
86.92
86.92
86.91
86.91
86.90
86.89
86.89
86.89
86.88
86.86
86.86
86.85
86.85
86.83
86.82
86.82
86.81
86.81
86.80
86.79
86.79
86.78
86.77
86.76
86.76
86.76
86.75
86.75
86.75
86.75
86.75
86.74
86.74
86.74
86.74
86.74
86.73
86.73
86.72
86.72
86.71
86.71
86.71
86.70
86.70
90.69
90.68
90.68
90.66
90.66
90.65
90.64
90.63
90.63
90.62
90.59
90.59
90.58
90.58
90.56
90.55
90.55
90.55
90.54
90.53
90.52
90.52
90.52
90.51
90.48
90.47
90.47
90.44
90.43
90.41
90.41
90.39
90.39
90.39
90.39
90.36
90.36
90.35
90.33
90.30
90.29
90.29
90.28
90.26
90.25
90.25
90.23
90.23
90.22
90.21
86.70
86.70
86.67
86.67
86.66
86.66
86.66
86.65
86.65
86.65
86.64
86.63
86.63
86.62
86.62
86.61
86.61
86.60
86.60
86.60
86.59
86.59
86.58
86.58
86.57
86.57
86.55
86.55
86.54
86.54
86.53
86.52
86.52
86.52
86.51
86.51
86.51
86.51
86.50
86.50
86.49
86.49
86.48
86.48
86.47
86.47
86.46
86.46
86.46
86.46
90.19
90.19
90.19
90.16
90.16
90.16
90.15
90.14
90.11
90.10
90.09
90.07
90.05
90.05
90.04
90.02
90.02
90.01
90.00
90.00
89.99
89.98
89.98
89.93
89.93
89.92
89.90
89.89
89.89
89.88
89.88
89.88
89.85
89.84
89.83
89.83
89.81
89.79
89.79
89.79
89.79
89.78
89.78
89.77
89.77
89.75
89.74
89.74
89.73
89.72
86.45
86.45
86.44
86.43
86.43
86.42
86.42
86.40
86.39
86.39
86.38
86.37
86.35
86.35
86.35
86.34
86.34
86.33
86.33
86.33
86.32
86.32
86.31
86.31
86.31
86.31
86.30
86.30
86.29
86.29
86.29
86.27
86.27
86.27
86.26
86.26
86.25
86.25
86.25
86.23
86.22
86.22
86.21
86.20
86.19
86.19
86.19
86.18
86.17
86.17
89.70
89.69
89.68
89.68
89.68
89.67
89.67
89.66
89.61
89.60
89.60
89.58
89.57
89.57
89.55
89.55
89.54
89.53
89.53
89.53
89.52
89.51
89.50
89.50
89.50
89.47
89.46
89.45
89.45
89.44
89.44
89.43
89.43
89.43
89.42
89.42
89.41
89.41
89.40
89.39
89.39
89.38
89.37
89.36
89.36
89.35
89.34
89.33
89.31
89.30
86.17
86.17
86.17
86.17
86.17
86.17
86.16
86.15
86.15
86.14
86.14
86.14
86.14
86.14
86.13
86.13
86.13
86.13
86.13
86.13
86.13
86.12
86.12
86.11
86.10
86.10
86.10
86.10
86.09
86.09
86.09
86.08
86.07
86.07
86.07
86.06
86.06
86.05
86.04
86.04
86.03
86.01
86.01
86.00
85.99
85.98
85.98
85.97
85.97
85.97
89.29
89.28
89.27
89.27
89.26
89.26
89.25
89.24
89.23
89.23
89.22
89.22
89.20
89.20
89.18
89.17
89.17
89.16
89.16
89.14
89.14
89.14
89.12
89.11
89.11
89.10
89.10
89.09
89.07
89.07
89.07
89.07
89.05
89.05
89.04
89.03
89.03
89.01
89.00
88.98
88.98
88.98
88.97
88.96
88.96
88.96
88.95
88.94
88.93
88.91
85.96
85.95
85.95
85.94
85.93
85.93
85.93
85.92
85.90
85.90
85.89
85.89
85.88
85.87
85.87
85.86
85.86
85.86
85.86
85.85
85.85
85.85
85.85
85.85
85.84
85.83
85.83
85.83
85.82
85.82
85.82
85.82
85.81
85.81
85.81
85.80
85.80
85.80
85.80
85.78
85.78
85.78
85.76
85.76
85.76
85.75
85.75
85.75
85.75
85.74
88.89
88.89
88.88
88.87
88.86
88.84
88.83
88.83
88.83
88.82
88.82
88.81
88.81
88.81
88.81
88.81
88.79
88.79
88.79
88.78
88.76
88.75
88.75
88.74
88.74
88.73
88.73
88.72
88.70
88.70
88.69
88.68
88.67
88.67
88.65
88.65
88.65
88.65
88.64
88.63
88.63
88.62
88.62
88.62
88.61
88.61
88.60
88.59
88.59
88.59
90.69
90.68
90.68
90.66
90.66
90.65
90.64
90.63
90.63
90.62
90.59
90.59
90.58
90.58
90.56
90.55
90.55
90.55
90.54
90.53
90.52
90.52
90.52
90.51
90.48
90.47
90.47
90.44
90.43
90.41
90.41
90.39
90.39
90.39
90.39
90.36
90.36
90.35
90.33
90.30
90.29
90.29
90.28
90.26
90.25
90.25
90.23
90.23
90.22
90.21
86.94
86.94
86.93
86.93
86.93
86.92
86.92
86.91
86.91
86.90
86.89
86.89
86.89
86.88
86.86
86.86
86.85
86.85
86.83
86.82
86.82
86.81
86.81
86.80
86.79
86.79
86.78
86.77
86.76
86.76
86.76
86.75
86.75
86.75
86.75
86.75
86.74
86.74
86.74
86.74
86.74
86.73
86.73
86.72
86.72
86.71
86.71
86.71
86.70
86.70
97.64
97.54
97.42
97.35
97.33
97.04
97.01
96.67
96.56
96.43
96.41
96.36
96.33
96.33
96.10
95.94
95.88
95.85
95.83
95.80
95.77
95.70
95.54
95.48
95.19
95.16
95.15
95.09
95.09
95.08
95.07
95.07
94.95
94.80
94.76
94.75
94.75
94.70
94.66
94.60
94.58
94.58
94.57
94.55
94.54
94.52
94.52
94.50
94.43
94.43
88.58
88.58
88.58
88.57
88.55
88.55
88.54
88.52
88.52
88.52
88.51
88.50
88.49
88.48
88.48
88.48
88.46
88.46
88.45
88.45
88.43
88.43
88.41
88.40
88.39
88.36
88.36
88.36
88.34
88.34
88.34
88.33
88.33
88.32
88.32
88.30
88.30
88.28
88.27
88.26
88.26
88.26
88.25
88.25
88.23
88.22
88.21
88.21
88.18
88.18
86.70
86.70
86.67
86.67
86.66
86.66
86.66
86.65
86.65
86.65
86.64
86.63
86.63
86.62
86.62
86.61
86.61
86.60
86.60
86.60
86.59
86.59
86.58
86.58
86.57
86.57
86.55
86.55
86.54
86.54
86.53
86.52
86.52
86.52
86.51
86.51
86.51
86.51
86.50
86.50
86.49
86.49
86.48
86.48
86.47
86.47
86.46
86.46
86.46
86.46
90.19
90.19
90.19
90.16
90.16
90.16
90.15
90.14
90.11
90.10
90.09
90.07
90.05
90.05
90.04
90.02
90.02
90.01
90.00
90.00
89.99
89.98
89.98
89.93
89.93
89.92
89.90
89.89
89.89
89.88
89.88
89.88
89.85
89.84
89.83
89.83
89.81
89.79
89.79
89.79
89.79
89.78
89.78
89.77
89.77
89.75
89.74
89.74
89.73
89.72
88.18
88.18
88.18
88.16
88.16
88.15
88.15
88.15
88.14
88.14
88.14
88.13
88.12
88.12
88.12
88.12
88.11
88.10
88.10
88.08
88.08
88.07
88.07
88.07
88.06
88.06
88.05
88.05
88.04
88.01
88.00
88.00
88.00
88.00
88.00
87.99
87.98
87.98
87.98
87.97
87.97
87.96
87.96
87.95
87.94
87.94
87.93
87.93
87.93
87.92
94.39
94.21
94.16
94.16
94.12
94.11
94.04
94.02
94.02
94.00
93.97
93.97
93.95
93.93
93.89
93.88
93.85
93.79
93.67
93.66
93.64
93.58
93.57
93.57
93.54
93.54
93.53
93.53
93.43
93.42
93.36
93.36
93.32
93.32
93.29
93.27
93.24
93.23
93.19
93.16
93.15
93.13
93.09
93.06
93.05
93.05
93.02
92.98
92.97
92.97
89.70
89.69
89.68
89.68
89.68
89.67
89.67
89.66
89.61
89.60
89.60
89.58
89.57
89.57
89.55
89.55
89.54
89.53
89.53
89.53
89.52
89.51
89.50
89.50
89.50
89.47
89.46
89.45
89.45
89.44
89.44
89.43
89.43
89.43
89.42
89.42
89.41
89.41
89.40
89.39
89.39
89.38
89.37
89.36
89.36
89.35
89.34
89.33
89.31
89.30
87.91
87.90
87.90
87.89
87.89
87.88
87.88
87.87
87.87
87.86
87.86
87.86
87.84
87.84
87.83
87.82
87.81
87.80
87.80
87.80
87.79
87.78
87.77
87.77
87.77
87.77
87.76
87.75
87.74
87.73
87.73
87.73
87.70
87.70
87.68
87.68
87.68
87.67
87.66
87.65
87.64
87.64
87.64
87.63
87.63
87.62
87.62
87.61
87.58
87.58
92.97
92.94
92.85
92.84
92.81
92.79
92.72
92.71
92.71
92.68
92.68
92.67
92.65
92.62
92.61
92.60
92.57
92.56
92.56
92.54
92.53
92.52
92.49
92.49
92.44
92.44
92.42
92.39
92.39
92.39
92.38
92.37
92.36
92.35
92.35
92.34
92.32
92.30
92.29
92.29
92.28
92.28
92.28
92.27
92.27
92.26
92.25
92.25
92.23
92.23
86.45
86.45
86.44
86.43
86.43
86.42
86.42
86.40
86.39
86.39
86.38
86.37
86.35
86.35
86.35
86.34
86.34
86.33
86.33
86.33
86.32
86.32
86.31
86.31
86.31
86.31
86.30
86.30
86.29
86.29
86.29
86.27
86.27
86.27
86.26
86.26
86.25
86.25
86.25
86.23
86.22
86.22
86.21
86.20
86.19
86.19
86.19
86.18
86.17
86.17
89.29
89.28
89.27
89.27
89.26
89.26
89.25
89.24
89.23
89.23
89.22
89.22
89.20
89.20
89.18
89.17
89.17
89.16
89.16
89.14
89.14
89.14
89.12
89.11
89.11
89.10
89.10
89.09
89.07
89.07
89.07
89.07
89.05
89.05
89.04
89.03
89.03
89.01
89.00
88.98
88.98
88.98
88.97
88.96
88.96
88.96
88.95
88.94
88.93
88.91
87.57
87.57
87.57
87.57
87.56
87.55
87.54
87.53
87.52
87.52
87.52
87.52
87.52
87.50
87.49
87.49
87.48
87.48
87.46
87.46
87.45
87.45
87.45
87.43
87.43
87.42
87.41
87.41
87.39
87.39
87.38
87.38
87.36
87.36
87.35
87.34
87.33
87.32
87.31
87.31
87.31
87.31
87.31
87.29
87.28
87.27
87.27
87.27
87.26
87.26
92.20
92.17
92.15
92.15
92.14
92.12
92.11
92.07
92.07
92.07
92.04
92.00
92.00
91.98
91.97
91.97
91.96
91.95
91.94
91.94
91.90
91.89
91.89
91.88
91.87
91.81
91.79
91.79
91.78
91.78
91.77
91.77
91.75
91.74
91.74
91.73
91.67
91.65
91.62
91.59
91.59
91.59
91.58
91.54
91.54
91.54
91.53
91.52
91.52
91.50
86.17
86.17
86.17
86.17
86.17
86.17
86.16
86.15
86.15
86.14
86.14
86.14
86.14
86.14
86.13
86.13
86.13
86.13
86.13
86.13
86.13
86.12
86.12
86.11
86.10
86.10
86.10
86.10
86.09
86.09
86.09
86.08
86.07
86.07
86.07
86.06
86.06
86.05
86.04
86.04
86.03
86.01
86.01
86.00
85.99
85.98
85.98
85.97
85.97
85.97
87.26
87.25
87.24
87.23
87.23
87.22
87.22
87.21
87.20
87.20
87.20
87.20
87.19
87.18
87.17
87.16
87.16
87.15
87.14
87.14
87.13
87.12
87.11
87.11
87.11
87.10
87.10
87.09
87.09
87.09
87.08
87.08
87.07
87.07
87.05
87.05
87.05
87.04
87.04
87.03
87.02
87.02
87.01
87.01
87.00
86.99
86.98
86.97
86.96
86.95
88.89
88.89
88.88
88.87
88.86
88.84
88.83
88.83
88.83
88.82
88.82
88.81
88.81
88.81
88.81
88.81
88.79
88.79
88.79
88.78
88.76
88.75
88.75
88.74
88.74
88.73
88.73
88.72
88.70
88.70
88.69
88.68
88.67
88.67
88.65
88.65
88.65
88.65
88.64
88.63
88.63
88.62
88.62
88.62
88.61
88.61
88.60
88.59
88.59
88.59
91.50
91.50
91.49
91.48
91.47
91.45
91.44
91.44
91.43
91.43
91.41
91.39
91.38
91.37
91.37
91.37
91.36
91.35
91.33
91.33
91.26
91.25
91.24
91.23
91.23
91.21
91.20
91.19
91.19
91.12
91.12
91.08
91.05
91.03
91.03
91.02
91.01
90.99
90.98
90.95
90.94
90.88
90.87
90.85
90.78
90.78
90.77
90.77
90.76
90.71
85.96
85.95
85.95
85.94
85.93
85.93
85.93
85.92
85.90
85.90
85.89
85.89
85.88
85.87
85.87
85.86
85.86
85.86
85.86
85.85
85.85
85.85
85.85
85.85
85.84
85.83
85.83
85.83
85.82
85.82
85.82
85.82
85.81
85.81
85.81
85.80
85.80
85.80
85.80
85.78
85.78
85.78
85.76
85.76
85.76
85.75
85.75
85.75
85.75
85.74
97.64
97.54
97.42
97.35
97.33
97.04
97.01
96.67
96.56
96.43
96.41
96.36
96.33
96.33
96.10
95.94
95.88
95.85
95.83
95.80
95.77
95.70
95.54
95.48
95.19
95.16
95.15
95.09
95.09
95.08
95.07
95.07
94.95
94.80
94.76
94.75
94.75
94.70
94.66
94.60
94.58
94.58
94.57
94.55
94.54
94.52
94.52
94.50
94.43
94.43
86.70
86.70
86.67
86.67
86.66
86.66
86.66
86.65
86.65
86.65
86.64
86.63
86.63
86.62
86.62
86.61
86.61
86.60
86.60
86.60
86.59
86.59
86.58
86.58
86.57
86.57
86.55
86.55
86.54
86.54
86.53
86.52
86.52
86.52
86.51
86.51
86.51
86.51
86.50
86.50
86.49
86.49
86.48
86.48
86.47
86.47
86.46
86.46
86.46
86.46
87.26
87.25
87.24
87.23
87.23
87.22
87.22
87.21
87.20
87.20
87.20
87.20
87.19
87.18
87.17
87.16
87.16
87.15
87.14
87.14
87.13
87.12
87.11
87.11
87.11
87.10
87.10
87.09
87.09
87.09
87.08
87.08
87.07
87.07
87.05
87.05
87.05
87.04
87.04
87.03
87.02
87.02
87.01
87.01
87.00
86.99
86.98
86.97
86.96
86.95
91.50
91.50
91.49
91.48
91.47
91.45
91.44
91.44
91.43
91.43
91.41
91.39
91.38
91.37
91.37
91.37
91.36
91.35
91.33
91.33
91.26
91.25
91.24
91.23
91.23
91.21
91.20
91.19
91.19
91.12
91.12
91.08
91.05
91.03
91.03
91.02
91.01
90.99
90.98
90.95
90.94
90.88
90.87
90.85
90.78
90.78
90.77
90.77
90.76
90.71
89.29
89.28
89.27
89.27
89.26
89.26
89.25
89.24
89.23
89.23
89.22
89.22
89.20
89.20
89.18
89.17
89.17
89.16
89.16
89.14
89.14
89.14
89.12
89.11
89.11
89.10
89.10
89.09
89.07
89.07
89.07
89.07
89.05
89.05
89.04
89.03
89.03
89.01
89.00
88.98
88.98
88.98
88.97
88.96
88.96
88.96
88.95
88.94
88.93
88.91
87.91
87.90
87.90
87.89
87.89
87.88
87.88
87.87
87.87
87.86
87.86
87.86
87.84
87.84
87.83
87.82
87.81
87.80
87.80
87.80
87.79
87.78
87.77
87.77
87.77
87.77
87.76
87.75
87.74
87.73
87.73
87.73
87.70
87.70
87.68
87.68
87.68
87.67
87.66
87.65
87.64
87.64
87.64
87.63
87.63
87.62
87.62
87.61
87.58
87.58
88.58
88.58
88.58
88.57
88.55
88.55
88.54
88.52
88.52
88.52
88.51
88.50
88.49
88.48
88.48
88.48
88.46
88.46
88.45
88.45
88.43
88.43
88.41
88.40
88.39
88.36
88.36
88.36
88.34
88.34
88.34
88.33
88.33
88.32
88.32
88.30
88.30
88.28
88.27
88.26
88.26
88.26
88.25
88.25
88.23
88.22
88.21
88.21
88.18
88.18
90.19
90.19
90.19
90.16
90.16
90.16
90.15
90.14
90.11
90.10
90.09
90.07
90.05
90.05
90.04
90.02
90.02
90.01
90.00
90.00
89.99
89.98
89.98
89.93
89.93
89.92
89.90
89.89
89.89
89.88
89.88
89.88
89.85
89.84
89.83
89.83
89.81
89.79
89.79
89.79
89.79
89.78
89.78
89.77
89.77
89.75
89.74
89.74
89.73
89.72
92.97
92.94
92.85
92.84
92.81
92.79
92.72
92.71
92.71
92.68
92.68
92.67
92.65
92.62
92.61
92.60
92.57
92.56
92.56
92.54
92.53
92.52
92.49
92.49
92.44
92.44
92.42
92.39
92.39
92.39
92.38
92.37
92.36
92.35
92.35
92.34
92.32
92.30
92.29
92.29
92.28
92.28
92.28
92.27
92.27
92.26
92.25
92.25
92.23
92.23
86.17
86.17
86.17
86.17
86.17
86.17
86.16
86.15
86.15
86.14
86.14
86.14
86.14
86.14
86.13
86.13
86.13
86.13
86.13
86.13
86.13
86.12
86.12
86.11
86.10
86.10
86.10
86.10
86.09
86.09
86.09
86.08
86.07
86.07
86.07
86.06
86.06
86.05
86.04
86.04
86.03
86.01
86.01
86.00
85.99
85.98
85.98
85.97
85.97
85.97
94.39
94.21
94.16
94.16
94.12
94.11
94.04
94.02
94.02
94.00
93.97
93.97
93.95
93.93
93.89
93.88
93.85
93.79
93.67
93.66
93.64
93.58
93.57
93.57
93.54
93.54
93.53
93.53
93.43
93.42
93.36
93.36
93.32
93.32
93.29
93.27
93.24
93.23
93.19
93.16
93.15
93.13
93.09
93.06
93.05
93.05
93.02
92.98
92.97
92.97
86.45
86.45
86.44
86.43
86.43
86.42
86.42
86.40
86.39
86.39
86.38
86.37
86.35
86.35
86.35
86.34
86.34
86.33
86.33
86.33
86.32
86.32
86.31
86.31
86.31
86.31
86.30
86.30
86.29
86.29
86.29
86.27
86.27
86.27
86.26
86.26
86.25
86.25
86.25
86.23
86.22
86.22
86.21
86.20
86.19
86.19
86.19
86.18
86.17
86.17
88.18
88.18
88.18
88.16
88.16
88.15
88.15
88.15
88.14
88.14
88.14
88.13
88.12
88.12
88.12
88.12
88.11
88.10
88.10
88.08
88.08
88.07
88.07
88.07
88.06
88.06
88.05
88.05
88.04
88.01
88.00
88.00
88.00
88.00
88.00
87.99
87.98
87.98
87.98
87.97
87.97
87.96
87.96
87.95
87.94
87.94
87.93
87.93
87.93
87.92
86.94
86.94
86.93
86.93
86.93
86.92
86.92
86.91
86.91
86.90
86.89
86.89
86.89
86.88
86.86
86.86
86.85
86.85
86.83
86.82
86.82
86.81
86.81
86.80
86.79
86.79
86.78
86.77
86.76
86.76
86.76
86.75
86.75
86.75
86.75
86.75
86.74
86.74
86.74
86.74
86.74
86.73
86.73
86.72
86.72
86.71
86.71
86.71
86.70
86.70
90.69
90.68
90.68
90.66
90.66
90.65
90.64
90.63
90.63
90.62
90.59
90.59
90.58
90.58
90.56
90.55
90.55
90.55
90.54
90.53
90.52
90.52
90.52
90.51
90.48
90.47
90.47
90.44
90.43
90.41
90.41
90.39
90.39
90.39
90.39
90.36
90.36
90.35
90.33
90.30
90.29
90.29
90.28
90.26
90.25
90.25
90.23
90.23
90.22
90.21
89.70
89.69
89.68
89.68
89.68
89.67
89.67
89.66
89.61
89.60
89.60
89.58
89.57
89.57
89.55
89.55
89.54
89.53
89.53
89.53
89.52
89.51
89.50
89.50
89.50
89.47
89.46
89.45
89.45
89.44
89.44
89.43
89.43
89.43
89.42
89.42
89.41
89.41
89.40
89.39
89.39
89.38
89.37
89.36
89.36
89.35
89.34
89.33
89.31
89.30
92.20
92.17
92.15
92.15
92.14
92.12
92.11
92.07
92.07
92.07
92.04
92.00
92.00
91.98
91.97
91.97
91.96
91.95
91.94
91.94
91.90
91.89
91.89
91.88
91.87
91.81
91.79
91.79
91.78
91.78
91.77
91.77
91.75
91.74
91.74
91.73
91.67
91.65
91.62
91.59
91.59
91.59
91.58
91.54
91.54
91.54
91.53
91.52
91.52
91.50
88.89
88.89
88.88
88.87
88.86
88.84
88.83
88.83
88.83
88.82
88.82
88.81
88.81
88.81
88.81
88.81
88.79
88.79
88.79
88.78
88.76
88.75
88.75
88.74
88.74
88.73
88.73
88.72
88.70
88.70
88.69
88.68
88.67
88.67
88.65
88.65
88.65
88.65
88.64
88.63
88.63
88.62
88.62
88.62
88.61
88.61
88.60
88.59
88.59
88.59
87.57
87.57
87.57
87.57
87.56
87.55
87.54
87.53
87.52
87.52
87.52
87.52
87.52
87.50
87.49
87.49
87.48
87.48
87.46
87.46
87.45
87.45
87.45
87.43
87.43
87.42
87.41
87.41
87.39
87.39
87.38
87.38
87.36
87.36
87.35
87.34
87.33
87.32
87.31
87.31
87.31
87.31
87.31
87.29
87.28
87.27
87.27
87.27
87.26
87.26
85.96
85.95
85.95
85.94
85.93
85.93
85.93
85.92
85.90
85.90
85.89
85.89
85.88
85.87
85.87
85.86
85.86
85.86
85.86
85.85
85.85
85.85
85.85
85.85
85.84
85.83
85.83
85.83
85.82
85.82
85.82
85.82
85.81
85.81
85.81
85.80
85.80
85.80
85.80
85.78
85.78
85.78
85.76
85.76
85.76
85.75
85.75
85.75
85.75
85.74
87.57
87.57
87.57
87.57
87.56
87.55
87.54
87.53
87.52
87.52
87.52
87.52
87.52
87.50
87.49
87.49
87.48
87.48
87.46
87.46
87.45
87.45
87.45
87.43
87.43
87.42
87.41
87.41
87.39
87.39
87.38
87.38
87.36
87.36
87.35
87.34
87.33
87.32
87.31
87.31
87.31
87.31
87.31
87.29
87.28
87.27
87.27
87.27
87.26
87.26
86.45
86.45
86.44
86.43
86.43
86.42
86.42
86.40
86.39
86.39
86.38
86.37
86.35
86.35
86.35
86.34
86.34
86.33
86.33
86.33
86.32
86.32
86.31
86.31
86.31
86.31
86.30
86.30
86.29
86.29
86.29
86.27
86.27
86.27
86.26
86.26
86.25
86.25
86.25
86.23
86.22
86.22
86.21
86.20
86.19
86.19
86.19
86.18
86.17
86.17
90.19
90.19
90.19
90.16
90.16
90.16
90.15
90.14
90.11
90.10
90.09
90.07
90.05
90.05
90.04
90.02
90.02
90.01
90.00
90.00
89.99
89.98
89.98
89.93
89.93
89.92
89.90
89.89
89.89
89.88
89.88
89.88
89.85
89.84
89.83
89.83
89.81
89.79
89.79
89.79
89.79
89.78
89.78
89.77
89.77
89.75
89.74
89.74
89.73
89.72
91.50
91.50
91.49
91.48
91.47
91.45
91.44
91.44
91.43
91.43
91.41
91.39
91.38
91.37
91.37
91.37
91.36
91.35
91.33
91.33
91.26
91.25
91.24
91.23
91.23
91.21
91.20
91.19
91.19
91.12
91.12
91.08
91.05
91.03
91.03
91.02
91.01
90.99
90.98
90.95
90.94
90.88
90.87
90.85
90.78
90.78
90.77
90.77
90.76
90.71
90.69
90.68
90.68
90.66
90.66
90.65
90.64
90.63
90.63
90.62
90.59
90.59
90.58
90.58
90.56
90.55
90.55
90.55
90.54
90.53
90.52
90.52
90.52
90.51
90.48
90.47
90.47
90.44
90.43
90.41
90.41
90.39
90.39
90.39
90.39
90.36
90.36
90.35
90.33
90.30
90.29
90.29
90.28
90.26
90.25
90.25
90.23
90.23
90.22
90.21
97.64
97.54
97.42
97.35
97.33
97.04
97.01
96.67
96.56
96.43
96.41
96.36
96.33
96.33
96.10
95.94
95.88
95.85
95.83
95.80
95.77
95.70
95.54
95.48
95.19
95.16
95.15
95.09
95.09
95.08
95.07
95.07
94.95
94.80
94.76
94.75
94.75
94.70
94.66
94.60
94.58
94.58
94.57
94.55
94.54
94.52
94.52
94.50
94.43
94.43
89.70
89.69
89.68
89.68
89.68
89.67
89.67
89.66
89.61
89.60
89.60
89.58
89.57
89.57
89.55
89.55
89.54
89.53
89.53
89.53
89.52
89.51
89.50
89.50
89.50
89.47
89.46
89.45
89.45
89.44
89.44
89.43
89.43
89.43
89.42
89.42
89.41
89.41
89.40
89.39
89.39
89.38
89.37
89.36
89.36
89.35
89.34
89.33
89.31
89.30
92.20
92.17
92.15
92.15
92.14
92.12
92.11
92.07
92.07
92.07
92.04
92.00
92.00
91.98
91.97
91.97
91.96
91.95
91.94
91.94
91.90
91.89
91.89
91.88
91.87
91.81
91.79
91.79
91.78
91.78
91.77
91.77
91.75
91.74
91.74
91.73
91.67
91.65
91.62
91.59
91.59
91.59
91.58
91.54
91.54
91.54
91.53
91.52
91.52
91.50
88.58
88.58
88.58
88.57
88.55
88.55
88.54
88.52
88.52
88.52
88.51
88.50
88.49
88.48
88.48
88.48
88.46
88.46
88.45
88.45
88.43
88.43
88.41
88.40
88.39
88.36
88.36
88.36
88.34
88.34
88.34
88.33
88.33
88.32
88.32
88.30
88.30
88.28
88.27
88.26
88.26
88.26
88.25
88.25
88.23
88.22
88.21
88.21
88.18
88.18
85.96
85.95
85.95
85.94
85.93
85.93
85.93
85.92
85.90
85.90
85.89
85.89
85.88
85.87
85.87
85.86
85.86
85.86
85.86
85.85
85.85
85.85
85.85
85.85
85.84
85.83
85.83
85.83
85.82
85.82
85.82
85.82
85.81
85.81
85.81
85.80
85.80
85.80
85.80
85.78
85.78
85.78
85.76
85.76
85.76
85.75
85.75
85.75
85.75
85.74
89.29
89.28
89.27
89.27
89.26
89.26
89.25
89.24
89.23
89.23
89.22
89.22
89.20
89.20
89.18
89.17
89.17
89.16
89.16
89.14
89.14
89.14
89.12
89.11
89.11
89.10
89.10
89.09
89.07
89.07
89.07
89.07
89.05
89.05
89.04
89.03
89.03
89.01
89.00
88.98
88.98
88.98
88.97
88.96
88.96
88.96
88.95
88.94
88.93
88.91
88.89
88.89
88.88
88.87
88.86
88.84
88.83
88.83
88.83
88.82
88.82
88.81
88.81
88.81
88.81
88.81
88.79
88.79
88.79
88.78
88.76
88.75
88.75
88.74
88.74
88.73
88.73
88.72
88.70
88.70
88.69
88.68
88.67
88.67
88.65
88.65
88.65
88.65
88.64
88.63
88.63
88.62
88.62
88.62
88.61
88.61
88.60
88.59
88.59
88.59
87.26
87.25
87.24
87.23
87.23
87.22
87.22
87.21
87.20
87.20
87.20
87.20
87.19
87.18
87.17
87.16
87.16
87.15
87.14
87.14
87.13
87.12
87.11
87.11
87.11
87.10
87.10
87.09
87.09
87.09
87.08
87.08
87.07
87.07
87.05
87.05
87.05
87.04
87.04
87.03
87.02
87.02
87.01
87.01
87.00
86.99
86.98
86.97
86.96
86.95
92.97
92.94
92.85
92.84
92.81
92.79
92.72
92.71
92.71
92.68
92.68
92.67
92.65
92.62
92.61
92.60
92.57
92.56
92.56
92.54
92.53
92.52
92.49
92.49
92.44
92.44
92.42
92.39
92.39
92.39
92.38
92.37
92.36
92.35
92.35
92.34
92.32
92.30
92.29
92.29
92.28
92.28
92.28
92.27
92.27
92.26
92.25
92.25
92.23
92.23
86.17
86.17
86.17
86.17
86.17
86.17
86.16
86.15
86.15
86.14
86.14
86.14
86.14
86.14
86.13
86.13
86.13
86.13
86.13
86.13
86.13
86.12
86.12
86.11
86.10
86.10
86.10
86.10
86.09
86.09
86.09
86.08
86.07
86.07
86.07
86.06
86.06
86.05
86.04
86.04
86.03
86.01
86.01
86.00
85.99
85.98
85.98
85.97
85.97
85.97
94.39
94.21
94.16
94.16
94.12
94.11
94.04
94.02
94.02
94.00
93.97
93.97
93.95
93.93
93.89
93.88
93.85
93.79
93.67
93.66
93.64
93.58
93.57
93.57
93.54
93.54
93.53
93.53
93.43
93.42
93.36
93.36
93.32
93.32
93.29
93.27
93.24
93.23
93.19
93.16
93.15
93.13
93.09
93.06
93.05
93.05
93.02
92.98
92.97
92.97
87.91
87.90
87.90
87.89
87.89
87.88
87.88
87.87
87.87
87.86
87.86
87.86
87.84
87.84
87.83
87.82
87.81
87.80
87.80
87.80
87.79
87.78
87.77
87.77
87.77
87.77
87.76
87.75
87.74
87.73
87.73
87.73
87.70
87.70
87.68
87.68
87.68
87.67
87.66
87.65
87.64
87.64
87.64
87.63
87.63
87.62
87.62
87.61
87.58
87.58
88.18
88.18
88.18
88.16
88.16
88.15
88.15
88.15
88.14
88.14
88.14
88.13
88.12
88.12
88.12
88.12
88.11
88.10
88.10
88.08
88.08
88.07
88.07
88.07
88.06
88.06
88.05
88.05
88.04
88.01
88.00
88.00
88.00
88.00
88.00
87.99
87.98
87.98
87.98
87.97
87.97
87.96
87.96
87.95
87.94
87.94
87.93
87.93
87.93
87.92
86.94
86.94
86.93
86.93
86.93
86.92
86.92
86.91
86.91
86.90
86.89
86.89
86.89
86.88
86.86
86.86
86.85
86.85
86.83
86.82
86.82
86.81
86.81
86.80
86.79
86.79
86.78
86.77
86.76
86.76
86.76
86.75
86.75
86.75
86.75
86.75
86.74
86.74
86.74
86.74
86.74
86.73
86.73
86.72
86.72
86.71
86.71
86.71
86.70
86.70
86.70
86.70
86.67
86.67
86.66
86.66
86.66
86.65
86.65
86.65
86.64
86.63
86.63
86.62
86.62
86.61
86.61
86.60
86.60
86.60
86.59
86.59
86.58
86.58
86.57
86.57
86.55
86.55
86.54
86.54
86.53
86.52
86.52
86.52
86.51
86.51
86.51
86.51
86.50
86.50
86.49
86.49
86.48
86.48
86.47
86.47
86.46
86.46
86.46
86.46
